1000
16808
2492058
2650074
7593733
4108931
4320204
1027545
8878424
8777924
16015634
3564441
9002607
4484493
8727536
4807988
12330492
1282328
7814058
3378841
6921454
6544304
11377474
4817710
12914868
7129561
8700495
7493100
11773379
3351817
9147153
4899098
11706925
3613513
5542781
723811
5601445
8580980
12960130
8236580
12795402
511968
522641
1901394
9720731
9125486
15217232
6425229
16319321
5640195
12826553
6035002
11956156
616709
974654
1515669
9087160
4788125
12490322
2509531
2570435
2727723
6182390
8728550
13846575
8797802
9604656
1540978
6388387
5308229
13683163
5260299
10199281
5028636
7436650
7623866
15013681
739064
8293601
5339426
9341096
7724116
16944211
4075630
12522132
4546518
6480714
1030106
8840511
6319452
14513751
782189
8603313
3799506
6046389
9406753
16138320
4936717
12067055
8354439
10407584
3851502
8696400
6783872
9739701
111138
7730497
3153178
4135576
7722295
8200200
1621610
8567842
959746
3803922
1853636
10119935
3098143
9978543
4827969
4918382
5400261
15073819
6441595
16129604
7716396
12042365
4119114
9323645
8471007
10381970
4797943
5083309
2842083
6021936
8530768
11164590
3185696
10010409
973672
6833574
7248591
8973423
4314739
12467797
1631617
9451408
4555641
7666321
1437336
10514343
6497973
10434072
649096
9624416
5583455
6928679
2112290
10669051
4948906
9535033
2236124
5365631
6045814
12522585
935239
7264334
5896221
10884066
4712367
5852902
1725227
3640622
7941364
16260103
2607845
7167436
3436551
3581711
1808624
9573572
597386
1904604
7195273
7950813
9399248
11641634
9413497
11308383
7140624
15823045
2028145
8560114
9335736
15035652
3161626
5825161
3046043
11842055
3454680
4478833
9575245
17552541
9878819
19469216
8087693
9389509
4112992
8853026
2122670
11242068
8489554
10900102
4975826
12097037
6729663
13559875
9533809
16807187
2822762
3823388
2737336
10139205
4977996
4980773
2062768
12060208
3829875
8519207
8540557
16996859
9468873
10769434
8120095
17039080
7113756
11753546
2851408
10679424
8030194
13252964
3015681
7319137
4016856
6284363
4170964
8404467
5586677
15449786
3963250
7565582
1277845
3165484
760809
2700807
5428652
12483502
5645204
7140936
796532
6994547
2395420
12032196
3042010
8572191
687930
2683154
9244055
17832316
4076738
9068284
4747318
9584844
7204201
15338458
6421565
16382163
8306649
11644354
7225551
13150702
6541977
10843390
1938555
3421353
4102505
4450887
3034749
8041815
659379
10507079
8878210
17603340
1578554
3844038
1650448
9915056
1180774
4226097
4664306
11419483
5170054
12097279
7784631
8064998
1205401
5865846
7495371
12065657
2883017
5076916
7608156
17449290
9515558
12212135
7953179
17611446
7187358
14409070
2227879
9548494
6474820
12270558
6983134
15603726
623721
5672484
7306634
10282832
2576032
7814621
5860590
10915464
3998878
13636183
1979359
4840560
9777255
17846216
4014916
9308864
2645481
4853212
3669956
8344503
7837108
16678347
9340001
18324928
545036
9319894
561114
811229
2929594
3530955
8498355
11466774
9025358
17367944
3313730
6034746
776564
2882667
8860918
9647562
2819420
3882388
2547748
5793018
9855396
12278700
404474
9123578
4711749
12136135
5205659
13369119
45407
7719338
739825
5024958
9300974
13260578
246898
9154819
7603951
16739183
4488481
6108685
213901
10038422
1462534
4943793
7217004
10835681
5820951
9244886
3558781
11838661
6941833
10424408
8433550
14608093
5306250
8559022
6766311
8682191
2200984
10870955
3392041
9474765
73651
2976623
8753230
14943549
3917747
12628047
1687231
5872853
4270777
12120902
8668245
14745204
1747697
8414469
8829065
11620626
4056599
4375351
3869941
4634445
2789552
3982354
3427206
12742287
4780419
8339694
8659650
11700064
783321
2302347
7322013
14223797
8854789
10478907
6424009
9505560
265325
4584521
4451258
13275770
4835691
5274358
7262411
16023005
6490554
16300120
2190961
8419704
151404
1405757
6007308
14263450
5244911
8658112
2192800
2535928
6120172
15277960
334415
366041
4116642
8736160
3055349
10957192
7114316
14630291
7181446
13392820
5972221
11712133
5509240
5754295
3641306
6198236
1382254
3736444
5815167
13019524
2359305
4019166
3645899
12651492
2901721
6767838
5151581
13250449
5149353
11176293
8178699
9673601
4160812
11877429
2756892
4605564
2331729
8658401
7951662
11028708
2303121
3923362
8317159
16616613
9769628
13454979
2853712
11389276
4629595
4837129
6401728
11709556
8398796
13318328
7737443
8088960
885007
9363523
4466925
11109527
7627098
13795760
967104
9001429
9980109
18025046
2002282
9519298
1043711
7006928
301906
4077880
1767782
7650503
7270792
8751962
297866
3013694
2329537
10946266
2357126
10677511
6580168
9370118
5500477
13916524
521577
8090244
8577468
15837989
2627385
8969377
8425211
13758470
4428212
6696957
5419519
10105238
2321935
4988761
6280768
10939458
3449819
11522834
6211826
8314745
3958029
11291059
78035
8084763
5151241
12084996
1486541
8894938
3090936
4294020
9048049
16894915
9087012
10702265
7553065
8930942
7017238
13249914
8070246
12552957
3470416
5198609
24711
7479459
2463038
9164338
7368448
16318164
9241694
16501274
2567130
7762295
5333980
8887482
9295526
10405816
2574959
9688993
2211801
4376891
8087671
10622889
880847
10401886
6509544
14749883
9385937
17989259
4597720
8134217
4791248
12735037
7428360
7854348
7145036
14910272
8383913
10569598
4745990
11429775
263735
6686403
6500520
9473136
9167046
17833023
2326662
5692488
5182820
6454452
3422904
4495603
2936799
3029439
1914005
11823509
3800680
7549446
8207392
16111500
6264925
13579291
4057122
12171577
5777107
5904558
51704
8582537
3071033
13003175
8961655
11243633
942218
3696119
2357290
4530756
8084748
14088371
6289880
14749198
9301517
15865566
4182763
11303793
2649040
8701749
6605904
14108562
6510762
10886515
6561467
11670089
4044558
6051555
4426956
9693887
4021495
10667051
6192222
9621535
6802294
8033722
142233
2619678
9234792
17636991
1549153
5994010
3273571
10737875
4627440
12340355
4735800
13362567
591836
8573758
846044
1968797
8574087
13863807
6439151
6607562
2418624
7463294
2409606
4759550
8437312
16359744
1977993
7117810
6138700
12925672
5180640
10682011
325837
6005729
7182858
11277692
383329
1901507
474411
9692095
4885177
10408667
7972092
11042527
1484712
7711617
3491027
6955919
2610791
7111314
8559365
10266256
9924885
19041699
341442
10248570
1316180
5501965
8994538
14324409
8387562
12420144
4374166
12919969
7357733
8725066
5347855
9807615
7609848
17582226
7940463
14919474
6943820
7241971
9413378
10314320
2143837
6970558
5832300
8228413
6734760
12954717
8974391
17510544
8330049
11025064
3959045
4473964
5240151
12590253
7741296
8561118
5295732
13940234
2128246
11283208
8946058
16649569
4593929
9944735
3662174
10444312
9309670
16748767
5004504
6451926
318676
5597195
7224301
7500791
5740263
9272318
8868264
17226908
2024890
7270141
8776736
10246152
6031365
13083860
5850964
9718723
7985653
14470746
4957317
12724032
1761421
4719482
5807451
10870820
7078742
15970590
8199197
14203985
5902502
8090737
4093129
9363701
6377449
11065325
2817254
3459126
1669330
8231624
1433720
6407192
7738821
13464586
1681080
2823711
9594411
15282492
266114
3129457
1398139
9646522
5146045
10844874
998394
8861970
800981
9909982
7945597
10951545
767371
4033459
4506544
8459278
6262853
8753115
8376825
14931226
1982381
10353160
9871858
15245282
8059499
9626514
8252846
14514509
5468510
13195121
9596850
10306069
1019291
9794347
2285744
11804300
9236386
16842921
9086276
13963598
3811152
13732379
3775252
7469712
632784
949499
2366438
10704318
4907699
10821800
383138
8477424
6445879
14364164
9470343
10635259
6045961
8109029
4735141
10545849
9543567
12864296
2000563
9466927
241970
9484861
9712624
16934903
4917314
5163076
7127011
9961852
4576979
8222980
9207395
13941903
3187657
3354209
4761787
11755219
4554545
14435285
2408777
10916362
5074253
9448362
8275515
16266970
8595020
10378049
7466672
16059043
4756664
10624612
5684025
13108569
2916855
12222864
9114982
16895535
5986289
11754453
2508360
6919380
8255380
16450737
1419462
9827950
5308354
15052254
6985789
12780034
1369881
5952348
8738284
18403559
8300237
12619147
8898568
9520403
8847940
16917625
8169652
11459202
8709267
14456735
8000111
15619701
2486328
9584102
8625582
9514878
607937
9245812
6245436
10803668
6566973
16550002
1319799
5458870
3874588
5640886
3369090
9471737
7029091
11987203
9966613
10924077
6872113
13795895
3551952
5881183
1703322
3156536
655129
1027080
4228601
5517561
9949755
15239748
3655195
12058526
1048633
3402193
858778
1926558
3118633
11381906
86384
1925466
237154
6369777
3398522
12696479
4609819
10885411
6366901
6767098
7874121
16636826
8733600
8940730
527145
9386321
7140871
13959288
1204600
7151681
874619
4638908
6279453
8927582
3552801
6640464
8744841
15023991
4486386
9552970
3924516
8555176
7114879
11360839
2918562
7586945
728049
7612104
5049441
5400823
8218771
9920800
7340252
8707797
4405870
11523466
872470
8595181
8508173
13114097
552126
4808346
9298851
15760283
6111244
6559091
725870
5492541
1841395
6936006
4026393
5757458
2109525
4668887
8439520
15133141
3681563
8853225
4303726
8783161
1005950
8628041
4137323
11623584
7260094
10420023
385123
2101505
9226367
12992836
4171024
8283747
8966640
11430158
1608794
2378159
3359179
9421136
8356772
13345114
5751356
12912193
4768490
5748219
2467121
5942024
2910313
3349930
8633348
10487295
1032852
6735525
7725812
9572336
5191737
7674343
3029608
12410242
6587867
13979421
6941413
10939339
814041
4873195
6634258
11855992
9588296
14576436
5042252
14003511
9292695
18486856
6251139
12201069
1919876
7724475
2794293
4019927
1814563
3257840
8193237
11783884
6783874
11713339
7627485
13369678
5054120
13387963
7499329
10578189
7800263
13844409
3205717
11332845
7292173
10200922
9344001
14518372
261399
5222692
6589546
16398475
4612301
8404445
4652193
13625757
8314784
15659057
1069802
5453812
5246222
10860709
6624514
7040284
2432532
8677890
2345820
2995307
5546857
7286674
2364255
7874010
8549815
12512431
4166538
12929505
4647298
9106176
7625761
15703174
7580192
15218424
7754175
17166639
1814878
4995203
494785
9022619
7306751
14066279
7045000
12422430
8199610
12611755
8155365
16527817
2032813
4684793
2124135
3256543
1793584
3361185
9614260
16002571
7900754
17016646
3379322
5052548
9965254
13579184
8236097
10966651
8530662
14315521
4827492
13650456
2542921
2583690
4181688
7998215
6455473
12290693
9655642
15793847
9382952
12671045
9458446
18639817
4449475
10191438
7996177
13221495
8525827
12484241
5223345
13885917
6485980
9037016
7468130
8125419
7959849
11660828
6505618
9923342
3447839
7067348
8888930
9083857
1829969
7301776
5825200
8157456
8559830
11883107
2703489
4231386
9102820
10264685
7091138
11283555
4580319
14484811
9180684
18099083
8991121
16110870
2689962
6395614
6311019
6586997
1379947
8898609
5931479
7043708
9225064
18450300
4971507
5562816
8178969
12134649
3304120
10311444
7349678
11429071
2378954
8735933
7151854
8041150
7708272
8256748
1140205
5107168
8128033
13836853
7483532
13017568
2609469
3761938
652611
8002846
67271
5774050
506266
3475312
6143280
9432356
5675328
11388016
5225364
9884402
1375767
6350302
9803084
14621760
8926185
16485741
8044157
15561557
8963665
12815759
1757887
4878521
2244925
10132973
1400195
6371526
6336768
9162434
1106911
10738594
6056806
14453121
579653
5755895
2973586
10611178
1897807
9962568
1517961
1718874
710404
9173835
3101086
8315287
8048586
14033054
2230485
10234474
7955201
16450888
1380101
2525597
2328200
4489303
2804429
12171613
793918
7301055
687803
762293
456579
3696305
20790
7467513
5860596
7201202
3842320
7481012
1420722
11038497
6898515
14368378
8575707
15246991
9334627
19251047
2723802
4918133
8897645
17350021
9423259
13524722
103132
5149869
7760721
16569030
2161025
8247973
8380509
13568921
19398
6575399
6278315
6640212
8534000
13229646
9592534
17107497
4280540
6094295
7558822
15253109
5976537
14176548
8614663
11192837
5314494
10421130
8374989
9659561
4506839
7311661
8964892
10063306
9250561
15140519
7344093
7602837
2889776
7722545
9330414
17230830
5816637
10336529
5223348
9477718
5654833
10678968
9828929
17024073
1240880
5751787
3039055
6464863
1132538
6667742
604422
6531870
8951035
10302985
2119417
10887177
3081939
10860490
3635184
3987371
1581097
8540783
8470525
15168448
260364
7489546
6173013
8406265
1472203
9107699
6061537
8994992
8302209
9749190
1608032
1828863
8632096
15198811
6913113
16525250
8629938
9751948
7215686
12058606
2884382
8753993
2899909
4111519
5899440
13432308
4996120
13807387
8075000
16519521
6974516
16217094
3459923
9657066
1203981
7539863
3826886
4736917
9756326
11568763
5146995
12490941
3452603
4375837
9628481
17591938
8292835
12969353
8198882
10907664
3433459
7796265
9174993
12749154
8848652
15464854
3708543
5662488
49636
5257192
6321873
6379317
9947323
13584337
6378442
9663224
7885780
14555299
9547161
11408891
6864956
16324039
4729365
13632398
9819314
17278510
7434329
14456834
2619856
4057568
2403882
6215493
1099905
6492457
3177617
4174379
9948865
15594271
432123
8397237
6004944
6053581
585119
4638114
952189
10205933
8517640
13792143
1070344
5725415
8336220
12184433
7703318
14913251
4427783
7701881
8047860
17494934
3335591
9580411
2344011
7124923
853016
2787995
5228543
15224589
2048271
10608834
5903009
7176993
1531100
8971810
3838214
9856765
9642952
12897618
6003503
13255121
8614954
9750254
8017917
15725502
911870
8279313
4823504
10865020
74330
7581588
1713383
9803648
1109353
8714508
532527
5648555
2378756
8828016
5002953
5710340
1267423
3826553
3243787
5839337
6741880
15971079
278891
3777495
2414687
5047131
3568828
12862414
3300199
6788787
4470818
12604850
9173477
19040939
4131564
7681779
6906384
14293217
8329723
17655235
1132792
8815664
6506143
8670877
5431554
5809585
1222381
10701086
4864916
7663804
8837111
14903793
411559
7260346
5111434
8415475
3862660
13384597
7617563
8294502
949755
2104282
6233527
10163240
7227596
9126218
1581178
6391520
369159
7152214
1606021
8683219
864728
6697180
659463
2269796
22938
1923743
7446058
13900464
9200908
13000852
2294259
11550799
5217344
9601042
1222282
9555248
4181458
10057064
1490118
4558531
1485625
10675810
6861460
15181760
5242217
12856958
7796852
11184699
6892923
14269817
6138616
7496666
7251362
11745012
7717232
11375029
9326124
16376821
8487445
17482696
596239
9068671
59360
775296
3821266
10399068
4718388
10350826
3563949
8779070
3815425
10239320
542776
1670680
2934990
3051277
1990846
3624990
6657258
9873591
1313262
10698841
4157105
5541308
3157032
8135253
884687
4763318
8938644
16201012
205649
5309494
3497318
8327068
70126
7011400
4607864
8453281
7246681
15662030
360980
2411938
2986815
7039521
3072190
5305498
4794906
9669434
3613615
4097331
5179309
5578207
1369450
5366946
4456030
5865057
5487867
14472266
9458986
16405649
8677519
12776373
8070580
16686784
113384
1924108
6830560
8883782
1421175
7400210
3422676
10663379
3089437
6152717
542916
9137667
9813014
11601865
8172493
14675442
84084
3267066
7225848
14769057
8232707
11942886
442307
1600575
8804115
9438026
984471
2111830
6428618
13553565
222305
1199962
7949664
12683302
5449899
10641634
5348657
11517166
4153013
6412127
5096281
13373006
5779105
14463719
5252074
12992037
8292980
15757358
7948270
11239418
8805632
18525386
2325634
11664374
4552521
6003716
6677598
11567023
5836872
11821831
9093321
15582270
9628019
13065421
1320518
5726911
5512614
12936195
7691357
9279298
9988595
15892464
2535671
8818135
521650
9486785
4176426
5616298
4891892
14877543
9981218
19611229
9342655
10259181
1863902
11769397
3396393
3494428
24971
6217518
9456188
10292310
3831566
10315156
4412972
11367838
3871161
11383272
8040776
15968886
1269695
9893019
1031535
5150010
4634415
9789910
5440424
12287300
4673078
6094436
2825628
8530851
3485575
3975748
7198840
16222880
3168184
12722602
4350531
9984422
5082607
13677504
9502013
11387909
5831939
9349456
1505322
7375007
3839228
12134807
9024461
14886434
5443488
8687124
7111582
14862109
6439195
6601226
9251296
11920555
3933420
6015633
3863444
13355757
2368707
3695336
3526594
8490521
8431227
15913954
842734
3815716
5195297
12624690
7618062
14177072
5721378
15317503
5150523
10964764
9701053
10418869
8455181
15326474
6957152
16563205
1094974
10619652
7930418
11578045
6412466
6438728
622740
7443590
1025008
4542728
9452431
17662808
837826
1231408
8208328
17326988
6513498
7314692
658226
823056
3698823
11250172
7332554
12693434
2469469
3025697
1337425
7213857
1174278
4950685
3580501
6601774
1631602
8985533
1530699
4429777
7414550
11841845
7377128
13800781
5100060
8019638
8154671
15292823
7607225
8304310
8505021
9480037
5220
3859398
5238696
5325592
7925665
10911266
6595119
7000237
3313724
4895342
1043755
6143324
